   1            "b" 10048  27647.361328 17586.414062 12732.957031
   2            "d" 25821  57358.906250 41399.828125 34713.281250
   3            "f" 10138  23478.568359 55434.160156 24503.308594
   4            "g" 3736  10630.694336 8763.965820 6378.045410
   5            "k" 22868  73311.429688 57580.937500 67543.648438
   6            "l" 21282  40478.636719 72014.796875 44130.726562
   7            "m" 17300  27718.449219 47012.515625 30501.447266
   8            "n" 39914  58247.656250 101918.085938 62848.656250
   9            "p" 16455  29071.410156 47183.558594 72778.031250
  10            "r" 25730  50376.500000 70329.835938 43756.968750
  11            "s" 28439  76320.789062 156526.750000 83333.039062
  12            "t" 38006  83406.437500 80453.968750 69685.617188
  13            "v" 9444  16164.465820 17182.802734 17488.097656
  14            "w" 8919  20638.107422 23186.277344 20554.445312
  15            "y" 4038  10045.616211 14329.878906 10075.307617
  16            "z" 16773  48843.566406 71122.015625 45054.613281
  17           "aa" 11445  36807.542969 68339.765625 29998.115234
  18           "ae" 11241  30129.230469 65665.164062 32160.363281
  19           "ah" 65548  94048.804688 155797.984375 91633.210938
  20           "ao" 6314  21943.212891 33850.625000 16922.699219
  21           "aw" 2203  7785.137695 16702.117188 10048.992188
  22           "ay" 7657  23015.285156 50791.414062 33754.660156
  23           "ch" 2178  7627.091309 10881.964844 6540.508301
  24           "dh" 11347  19833.248047 13916.465820 13529.567383
  25           "eh" 16452  36672.828125 68072.929688 36971.785156
  26           "er" 16848  37579.824219 75639.570312 42359.937500
  27           "ey" 9482  27091.878906 57651.152344 29267.611328
  28           "hh" 6273  25746.580078 10428.899414 10389.032227
  29           "ih" 31229  78496.500000 50591.558594 38830.113281
  30           "iy" 22502  48899.347656 113714.046875 53314.457031
  31           "jh" 2985  8700.858398 12041.345703 7742.076172
  32           "ng" 4789  13388.666992 18258.349609 10880.768555
  33           "ow" 7464  20965.140625 48808.898438 24521.560547
  34           "oy" 1005  5439.166016 3534.718262 4976.806152
  35           "sh" 4878  14099.420898 32557.259766 14717.208984
  36           "sp" 92783  278777.687500 735443.250000 183593.250000
  37           "th" 2739  5887.855957 11492.112305 8120.801758
  38           "uh" 1606  2565.032715 3325.726807 2692.246094
  39           "uw" 5648  10499.252930 22892.884766 13020.144531
  40           "zh"  320  1033.640015 1377.555176 819.287354
  41          "sil" 43358  278777.687500 735443.250000 183593.250000
